function V=objective(Q)
        p1=eye(8)
        X_n=[0.09273680247274323
 142.43608745282637
 -9.09564993011939E-8
 3.098636113808439E-8
 0.06800017315152491
 0.03700019008578548
 1.3000002222313223
 19.105572870053386]
        V=(Q-X_n)'*p1*(Q-X_n);
    end